Epoch	AverageEpRet	StdEpRet	MaxEpRet	MinEpRet	AverageTestEpRet	StdTestEpRet	MaxTestEpRet	MinTestEpRet	EpLen	TestEpLen	TotalEnvInteracts	AverageQVals	StdQVals	MaxQVals	MinQVals	LossPi	LossQ	Time
1	-97.51775	16.962994	-50.795685	-114.05324	-102.55986	0.34143344	-102.04963	-103.240326	181.47058	53.4	3999	4.4560385	8.297128	26.416294	-134.58646	-5.9970703	12.433345	29.179789543151855
2	-92.45321	24.828186	-53.74274	-120.84711	-118.70482	1.9684163	-117.15745	-124.475204	336.35715	1000.0	7999	15.914758	13.419483	70.921684	-170.97643	-17.0974	5.355998	77.52032971382141
3	-109.25004	23.58665	-45.74808	-175.96954	-106.41058	0.19022085	-106.15975	-106.74999	173.75	107.0	11999	38.52266	22.75124	92.89866	-262.36008	-40.394417	5.3792157	118.82401490211487
4	-108.84735	2.1412797	-104.91039	-113.88064	-110.66453	0.40442583	-110.019196	-110.99454	93.53488	57.7	15999	42.041367	41.505383	90.80643	-160.76445	-42.871475	3.6661882	160.38433146476746
5	-121.223305	19.368416	-102.8855	-178.2228	-71.29004	16.945438	-56.66675	-120.43303	202.52942	906.9	19999	41.77661	48.821655	92.99916	-180.4827	-44.00936	4.901329	209.77239966392517
6	-122.35525	20.893631	-70.76515	-184.7991	-137.81393	21.970646	-115.4085	-176.31781	182.2	315.2	23999	56.700565	39.473488	105.920235	-182.80315	-58.56503	6.2251863	253.88864588737488
7	-124.1024	10.140787	-106.29783	-145.45018	-50.43536	31.432205	-29.648478	-131.53769	142.72	947.4	27999	57.37622	44.294064	101.89152	-160.3002	-58.885063	6.8831954	304.2992241382599
8	-74.26603	16.958244	-47.422684	-92.011314	-148.68506	2.9373283	-143.84393	-154.14034	1000.0	298.7	31999	58.15343	47.22678	134.06598	-123.715454	-60.043713	7.2710485	348.5086646080017
9	-120.36068	28.40175	-84.08653	-173.2927	-125.005005	47.980267	-68.7421	-184.40779	483.1111	807.8	35999	70.86655	51.39407	153.10342	-132.8257	-72.95425	9.4962225	397.78433060646057
10	-103.33354	52.74073	-54.41012	-171.22694	-143.89453	12.276726	-127.8251	-160.4704	801.8	286.6	39999	80.04246	52.954952	150.23013	-126.83599	-82.06353	10.939407	442.1641502380371
11	-137.52176	21.641525	-104.0888	-188.41335	-139.86844	22.830095	-104.922676	-167.07224	305.6154	258.9	43999	85.31094	52.30024	142.99066	-210.01523	-87.23991	13.980906	486.3078098297119
12	-121.586876	9.054435	-104.34745	-135.03989	-124.733315	13.7296295	-113.36891	-162.30354	113.685715	186.0	47999	84.95879	51.740562	138.47833	-148.99995	-86.671745	14.761482	530.7120273113251
13	-131.98914	18.191437	-117.87493	-202.5453	-110.18364	3.9900463	-103.56309	-117.47562	177.52174	120.9	51999	81.604706	50.997498	132.55188	-159.78632	-83.28961	14.945841	575.1289129257202
14	-113.71553	23.20748	-72.07861	-163.74785	-104.80531	2.537597	-100.61531	-108.42852	485.375	168.3	55999	78.1058	48.80612	130.04204	-138.95808	-79.64561	13.143842	621.1642575263977
15	-109.1025	33.26451	-57.27009	-146.66069	-98.981255	52.56161	-27.97915	-193.12514	579.8571	800.6	59999	74.88173	45.667892	122.967575	-133.11954	-76.34907	11.399064	674.1248555183411
16	-82.05785	35.038124	-28.79703	-129.29662	-93.89161	31.977533	-50.95685	-144.5681	651.6667	535.7	63999	73.10776	41.829124	126.53358	-154.89441	-74.55952	10.065053	726.9349849224091
17	-98.05978	37.521927	-32.89884	-153.26158	-136.43866	16.893309	-114.37789	-173.99341	630.6667	353.1	67999	70.020645	40.073513	115.801994	-132.89677	-71.21877	8.341381	781.9647159576416
18	-121.62176	30.133312	-41.69518	-146.47687	-56.640606	43.850803	-21.25608	-160.59825	388.66666	896.4	71999	65.40131	38.09405	107.40307	-133.04633	-66.52047	7.197168	845.0213253498077
19	-104.40265	47.4097	-24.096704	-184.67763	-74.6317	10.259679	-60.642445	-92.885864	539.75	1000.0	75999	60.994255	36.583908	91.766785	-132.78268	-62.160313	7.154299	912.4228749275208
20	-103.97492	14.788824	-75.50773	-120.68291	-125.931496	44.276985	-68.545715	-215.11363	617.4286	464.1	79999	59.424816	33.781933	95.96755	-147.6072	-60.517788	6.842748	977.2151956558228
21	-112.78032	10.959631	-95.23685	-145.51326	-102.51543	10.861092	-86.92229	-127.07756	211.65	107.7	83999	54.82803	32.828117	84.90617	-140.31448	-55.781586	5.1328244	1039.518538236618
22	-111.24097	18.01495	-81.894135	-158.45732	-130.46484	16.282074	-113.057304	-171.87714	228.0625	223.0	87999	49.81738	33.621563	82.92696	-191.82722	-50.71676	5.9021015	1103.5982983112335
23	-118.46647	20.763287	-85.558395	-148.10956	-146.78365	22.58338	-117.481895	-188.05779	444.33334	389.5	91999	45.524845	32.087963	77.35334	-169.60823	-46.399784	5.7186203	1170.1758151054382
24	-115.29965	49.947285	9.903732	-170.45102	-69.49797	6.1229415	-63.016327	-81.24081	450.125	1000.0	95999	41.95684	31.103508	76.20831	-167.31224	-42.79948	4.8609624	1244.0357930660248
25	-100.763954	13.047857	-83.07095	-118.597984	-104.65304	23.946405	-81.86838	-174.1749	609.2857	961.0	99999	39.40553	31.559925	73.34535	-133.8622	-40.251774	4.655526	1317.5240185260773
26	-114.44786	52.425793	-64.75836	-181.73114	-88.07071	3.2570627	-83.21069	-92.436455	877.4	1000.0	103999	38.038548	31.29555	72.654045	-123.61008	-38.879086	4.891035	1392.5648987293243
27	-145.08423	24.85835	-108.38291	-177.44106	-159.72359	7.5866523	-145.60226	-169.85396	424.1111	377.8	107999	36.243507	30.754856	67.94445	-120.33331	-37.018368	4.7635922	1461.7465767860413
28	-131.43486	27.518667	-97.7455	-185.7189	-113.73356	23.909441	-72.47856	-164.31291	370.3	168.0	111999	34.494884	30.184383	58.403778	-128.77908	-35.303913	5.7023	1528.861264705658
29	-89.539764	62.376633	57.73696	-153.37051	-83.183624	24.882803	-25.788025	-128.20312	478.8889	840.7	115999	33.259693	29.861727	59.377728	-120.854515	-34.033295	5.2000666	1603.2568833827972
30	-61.38751	33.75344	-10.534129	-116.032166	-36.643745	64.20453	37.016495	-143.32265	520.375	862.0	119999	32.431854	28.938017	61.395382	-122.53654	-33.19037	4.9312344	1677.9139029979706
31	-70.98395	69.38074	99.14792	-140.22144	-119.99379	34.428818	-34.236317	-165.29144	456.875	484.6	123999	31.700928	29.328957	62.595985	-123.66576	-32.473423	4.8352127	1748.2368800640106
32	-68.53484	63.08745	35.098892	-144.12318	-142.48103	4.713249	-134.41994	-148.15462	625.5714	156.2	127999	31.023767	29.370407	62.747646	-118.75167	-31.732054	5.4344363	1815.755795955658
33	-63.955036	69.43938	69.741486	-130.07773	-99.24541	18.274197	-74.598175	-150.6444	442.44446	933.2	131999	29.680943	28.935122	57.79366	-118.96629	-30.367708	4.8334503	1891.5147664546967
34	-57.04228	60.606186	48.829308	-108.20343	-100.560425	0.98235214	-99.17293	-102.48088	464.125	64.8	135999	28.548622	28.729813	57.30031	-117.90424	-29.219906	4.545753	1958.2570626735687
35	13.128563	83.69122	90.67428	-115.69153	-41.12095	64.63179	52.99341	-105.02443	726.8333	573.1	139999	28.162865	28.280075	56.38535	-126.752525	-28.832798	4.447261	2030.426584482193
36	-98.52422	33.409515	-8.31085	-145.69264	-88.257385	48.00423	10.967801	-131.33427	345.18182	543.5	143999	27.129362	28.28776	54.1002	-122.17236	-27.765566	4.1276326	2102.055947780609
37	-122.76895	28.485682	-66.32714	-157.30486	-88.100555	38.988914	19.60056	-115.78058	510.625	338.0	147999	26.32799	27.78089	53.385815	-120.153694	-26.963806	4.8582067	2172.8423907756805
38	-118.11073	23.483435	-85.77826	-164.48782	-105.46024	2.043061	-100.90127	-108.19375	253.25	89.0	151999	25.944693	27.912142	53.852695	-121.305115	-26.651237	5.220432	2241.5523324012756
39	-128.26208	23.885075	-101.25209	-178.0143	-87.40348	7.961099	-76.76187	-102.4764	439.33334	1000.0	155999	26.476093	28.566807	58.96151	-120.454895	-27.18898	5.5497465	2319.0618352890015
40	-91.09501	11.488557	-80.98394	-110.47133	-70.374916	3.5073009	-65.37959	-76.28893	1000.0	1000.0	159999	26.69334	28.312721	55.648182	-119.25763	-27.345242	4.558367	2397.1072878837585
41	-103.87575	26.781467	-70.44147	-146.3322	-109.92726	13.507113	-88.54992	-128.98482	588.1429	411.0	163999	26.209446	27.751722	47.738197	-116.77093	-26.864658	5.032581	2469.3982968330383
42	-103.3377	42.574165	-24.94095	-149.98347	-15.285314	55.26474	37.792683	-142.45856	449.1111	899.3	167999	25.374903	27.42047	57.223656	-123.37899	-25.9708	4.267673	2545.8189742565155
43	-84.16956	75.72194	69.40209	-180.55766	-81.52568	5.4651966	-73.96678	-91.201065	616.6667	217.0	171999	24.460047	27.657831	52.699306	-126.36067	-25.066872	4.415004	2615.8116359710693
44	-72.28208	24.30446	-26.967583	-108.67685	-97.81032	8.786193	-79.11094	-113.17098	326.76923	251.1	175999	25.007887	27.914953	62.10385	-123.00481	-25.753284	5.1886377	2685.949142217636
45	-79.09554	50.50569	72.16134	-116.710976	-93.57566	25.72905	-35.844734	-125.1728	327.83334	301.7	179999	28.34223	29.425968	63.66579	-117.53026	-29.280844	5.4016027	2755.9413743019104
46	-74.69007	38.81419	22.393627	-110.8886	-6.2605734	42.70893	27.038887	-110.015945	429.44446	914.4	183999	32.089138	30.465694	62.64074	-123.00639	-32.96341	5.675235	2831.765237092972
47	-39.540043	82.21464	115.87116	-141.81247	-75.629135	51.52511	71.24371	-111.11415	647.8333	321.7	187999	33.22862	30.846302	72.04738	-124.52006	-33.966236	4.9310412	2901.8529999256134
48	-58.22811	60.20159	108.81402	-101.05371	-83.347	14.091014	-63.7376	-99.431725	416.0	230.0	191999	32.53037	30.587402	72.02449	-119.65712	-33.18914	5.2878118	2972.1287763118744
49	-46.974327	80.31538	145.80763	-110.3454	-42.262722	30.158684	3.3409107	-92.42694	504.0	811.0	195999	31.70883	30.589167	75.30772	-115.49409	-32.387882	5.632226	3048.744688987732
50	-110.130264	37.53459	-46.97582	-158.61313	-65.810814	61.764317	86.31863	-137.01549	441.55554	517.2	199999	32.075462	30.907206	70.14315	-128.4032	-32.814915	5.237249	3122.596798181534
51	-127.150696	64.999756	-19.43088	-191.40741	-143.59018	9.4149065	-126.245964	-160.25873	782.0	211.4	203999	32.426533	30.747637	62.67379	-125.77946	-33.101936	5.099505	3192.7843084335327
52	-71.53112	92.66146	180.81844	-166.41267	85.57224	58.021225	136.3697	-35.981403	356.08334	942.5	207999	31.95714	30.45858	62.70008	-134.803	-32.611877	4.8532367	3269.8325576782227
53	-44.23167	59.625134	71.20017	-111.87526	123.95522	97.19323	197.37689	-64.47901	452.75	841.5	211999	31.824232	30.61785	61.463425	-118.875336	-32.525677	4.781632	3345.476465702057
54	28.453644	96.11925	188.98537	-111.0023	156.68956	10.281833	175.3041	142.94618	714.4	1000.0	215999	32.542946	30.422209	61.072437	-130.57564	-33.244453	5.2642713	3423.5599761009216
55	97.32	108.55552	211.57156	-74.19731	197.30585	90.741425	248.10133	-25.487234	756.5	910.3	219999	32.62059	30.231049	61.469913	-152.23941	-33.297947	5.0065145	3500.4280536174774
56	149.53654	119.912025	249.00351	-50.936016	-30.149466	28.670048	35.61505	-61.878117	825.0	380.2	223999	32.71768	29.718943	63.004623	-155.95035	-33.354607	4.701429	3572.4977176189423
57	58.662037	110.46302	246.28061	-51.352684	-76.635506	12.029417	-60.72544	-96.87884	634.5	324.7	227999	32.337116	29.914726	60.25491	-136.33342	-32.974655	4.548588	3644.2719583511353
58	-69.262146	25.156738	-36.660492	-103.15494	113.2256	158.17105	264.96786	-99.589294	435.25	812.9	231999	32.07768	30.083939	68.02652	-125.205246	-32.72259	4.6776896	3720.0788609981537
59	97.59281	98.06752	240.553	-62.184948	103.62433	10.105265	114.375755	83.165	791.0	1000.0	235999	31.99621	29.909348	58.961662	-128.9383	-32.619278	4.5034475	3798.1697821617126
60	68.70238	77.248314	136.15497	-81.67896	163.44788	88.157326	262.5472	40.39604	889.2	871.1	239999	31.31544	29.363043	57.74337	-127.83928	-31.884945	4.7489715	3874.75795006752
61	-12.972151	50.667393	78.66907	-74.62207	-10.947329	38.456116	68.76576	-89.81311	436.8	422.6	243999	30.484865	29.345789	58.9932	-150.75162	-31.08025	4.0732408	3947.1209568977356
62	-66.30968	51.684727	92.69588	-114.9558	53.890514	147.30826	266.78778	-86.24788	231.58824	515.1	247999	30.028572	29.387724	58.83694	-140.45345	-30.624243	4.214536	4020.75914978981
63	-53.844112	60.32921	117.52496	-108.92559	-80.50288	18.829365	-44.45969	-111.07029	297.41666	297.0	251999	29.756466	29.756134	56.89748	-129.17464	-30.372631	4.4465117	4093.080293893814
64	-6.5518966	55.532917	97.98014	-63.691902	-90.62752	23.423452	-70.89652	-140.57973	754.0	754.6	255999	30.02082	29.267426	57.388527	-135.33885	-30.618977	4.2942967	4168.637092590332
65	-6.9716873	93.8727	162.77393	-102.12505	-65.29059	30.20168	9.773738	-99.961235	588.75	245.5	259999	29.893303	29.236847	62.0205	-137.6389	-30.490221	4.2404256	4240.133123159409
66	-44.597435	40.007195	28.569628	-87.69186	-71.344444	17.685251	-38.19212	-95.91996	380.2	306.5	263999	29.687283	29.418558	73.201965	-129.80151	-30.293457	4.2690396	4312.52040886879
67	47.4605	117.35711	261.3952	-85.38968	66.071014	106.65371	155.67563	-114.39197	717.0	735.7	267999	30.10624	29.256598	73.76917	-125.299706	-30.71821	4.057448	4388.927531242371
68	-39.76076	53.562805	45.812794	-95.84011	6.2723107	64.98924	88.634315	-98.8657	751.0	877.5	271999	30.08151	28.873394	70.089355	-131.42548	-30.642746	4.1475406	4466.355127096176
69	-59.4539	66.649666	101.50072	-102.34202	-51.737823	51.3703	65.8434	-96.60384	483.85715	357.5	275999	29.215895	28.427397	93.656555	-131.05458	-29.742325	3.770547	4539.843337059021
70	-92.479645	35.200176	26.153563	-115.72986	-107.95469	0.48539683	-107.09389	-108.72197	156.54839	73.5	279999	29.11137	28.529497	138.90929	-131.60757	-29.808832	4.8789268	4610.207905769348
71	-108.877205	21.281801	-55.737026	-176.81786	-100.73136	35.562225	-61.26077	-161.05573	198.94444	695.6	283999	43.1243	39.55272	156.60883	-124.84942	-45.398006	14.028443	4686.470586538315
72	-131.31898	22.042456	-88.35067	-173.48706	-126.598	34.125603	-59.386448	-172.2622	326.16666	561.7	287999	68.34406	47.24545	147.54143	-127.94444	-70.39954	18.735304	4760.798592805862
73	-119.48992	46.497383	-45.917538	-193.08714	-98.47133	30.19662	-79.54875	-187.74582	574.8571	994.7	291999	76.81818	47.654682	136.86697	-130.28807	-78.156845	14.979449	4838.909135103226
74	-135.0274	40.94494	-91.75921	-206.18858	-147.15154	39.19821	-107.95973	-221.97043	740.8	805.6	295999	76.77992	45.9646	134.16156	-127.00699	-77.88392	14.592307	4915.796580791473
75	-97.36436	33.77171	-63.88511	-161.50523	-64.68059	7.3580236	-54.09716	-77.55648	917.8	1000.0	299999	75.59448	44.389942	124.31236	-145.48116	-76.672134	11.895642	4993.946884632111
76	-38.38622	40.345966	2.4759715	-91.192535	1.3153074	33.751682	68.99306	-66.58514	1000.0	959.8	303999	73.06844	42.841545	120.83518	-140.61887	-74.012375	11.335967	5072.598134994507
77	-11.272387	34.711388	23.99851	-66.30473	-30.608923	11.79326	-13.749347	-44.371002	1000.0	1000.0	307999	69.25503	41.745205	113.70962	-126.62729	-70.10857	10.194127	5152.697071313858
78	33.623096	73.96189	123.03999	-76.814865	147.60454	7.4264607	157.59143	133.73253	843.75	1000.0	311999	64.9089	40.26197	120.15882	-127.436134	-65.69513	8.628531	5232.239327430725
79	-1.4378836	88.009094	181.15913	-100.456345	15.247378	61.874935	100.53039	-84.849525	594.7143	889.5	315999	60.81529	38.404716	135.36235	-131.30379	-61.572468	8.926758	5311.31120967865
80	47.427624	84.91001	183.9805	-71.38047	115.09651	121.54443	250.2853	-107.94699	685.3333	772.0	319999	57.2955	37.401653	133.16315	-131.1584	-58.041336	7.895739	5388.358039855957
81	99.11851	147.85358	273.1587	-104.823044	140.67831	130.70282	270.4974	-44.740936	601.1429	709.3	323999	54.927174	36.741547	136.21117	-127.393936	-55.718197	7.640034	5465.183369874954
82	-4.1221256	96.71372	166.85123	-111.80253	-90.1187	41.56909	34.478077	-107.34263	502.0	110.3	327999	53.78914	36.065758	148.50322	-136.3418	-54.608925	7.5413084	5539.1063022613525
83	-102.08039	8.105844	-87.18515	-110.14089	-106.159836	0.5025078	-105.03241	-106.703575	353.2	73.1	331999	53.57695	35.860706	146.80641	-143.05627	-54.436043	7.458959	5613.761756896973
84	-99.38257	13.011393	-69.5985	-109.62178	-108.88118	1.3165059	-107.5487	-111.145836	563.125	82.3	335999	55.908325	36.804504	137.10037	-122.90607	-57.031548	8.728936	5688.479647159576
85	-129.66498	30.913218	-94.66943	-191.2424	-146.71904	20.515764	-113.9052	-172.33745	383.18182	343.7	339999	59.15082	38.032906	131.57863	-138.97777	-60.131344	8.4952345	5764.4358558654785
86	-125.95337	13.057515	-96.647255	-147.32045	-96.217545	39.28192	0.41920868	-137.98886	283.46155	508.8	343999	57.88526	37.951218	115.74192	-125.880806	-58.729156	8.534854	5841.827828168869
87	-96.261475	20.545193	-66.37301	-124.87485	-111.20963	0.5212395	-110.22023	-112.08603	705.0	1000.0	347999	55.34864	37.298355	115.80507	-133.18916	-56.051323	8.168121	5924.300953388214
88	-103.823685	10.13588	-87.13198	-114.51173	-127.470665	21.142235	-98.63175	-166.62553	1000.0	434.0	351999	51.22279	36.06201	109.45807	-132.67255	-51.854984	7.628708	6002.216772556305
89	-14.173381	81.650955	118.494965	-120.62545	-95.71704	61.52802	81.09767	-132.5496	682.2857	440.8	355999	47.74489	34.070847	98.560196	-137.66985	-48.362762	6.9416733	6079.391680717468
90	-24.99994	130.43655	272.59665	-125.222305	55.000526	118.25448	269.9356	-54.383297	403.4	534.2	359999	44.438225	33.151947	101.69836	-131.39288	-45.016293	6.8318386	6156.766438007355
91	-48.6579	77.35009	101.057594	-144.45663	-132.43858	29.1365	-50.183575	-153.2998	491.375	193.7	363999	41.740746	32.99283	96.96105	-142.64432	-42.32874	5.6956058	6230.44043135643
92	-122.48849	34.597885	-21.69997	-155.88132	-106.135086	22.080435	-75.04903	-137.67776	252.125	292.9	367999	39.81444	32.338013	88.68895	-126.9218	-40.386333	5.9587207	6304.6807076931
93	-61.763935	65.39369	108.258446	-146.65308	-33.364307	46.468662	60.30989	-74.550224	311.15384	285.8	371999	37.236767	32.327682	89.37554	-161.88634	-37.76448	5.8339405	6378.710271120071
94	-53.626434	44.20156	67.93698	-126.35818	216.75737	80.45445	267.588	35.293667	238.05882	892.7	375999	35.50186	32.412197	77.990685	-142.49004	-36.08347	5.8260117	6458.793627738953
95	-28.826239	93.08954	275.16956	-105.801346	-1.8605473	102.73137	275.6088	-78.449196	277.35715	348.8	379999	35.216953	32.742767	71.03699	-126.365234	-35.874977	5.874781	6534.532830953598
96	59.021297	107.2942	270.3105	-55.03016	-1.5706685	138.97627	261.56973	-104.65141	527.3333	451.2	383999	35.97263	32.692757	73.91884	-140.09065	-36.648212	6.178366	6610.297933101654
97	236.79594	57.329617	270.20557	122.785034	-52.303436	126.664	266.1346	-135.7952	926.8	546.8	387999	36.593616	32.62257	74.8987	-158.62128	-37.228992	5.798071	6687.094251871109
98	-71.21323	103.36196	271.05634	-115.406525	-112.05342	5.454213	-100.98421	-118.63895	303.08334	69.0	391999	36.62267	32.649487	71.98774	-131.22215	-37.252434	5.8769975	6760.014163732529
99	-0.46858868	162.36307	264.25708	-133.83005	168.27563	83.981346	227.17871	-10.416392	628.1429	902.8	395999	36.25347	33.03424	69.1552	-131.27695	-36.868347	6.073422	6840.291701078415
100	220.2995	72.60348	268.46988	95.00617	199.48538	66.72776	245.6585	3.2857475	896.75	948.4	399999	36.21459	33.12552	65.98221	-133.77628	-36.84407	5.809095	6921.059671640396
101	167.99197	136.10353	262.1068	-102.10416	180.77469	76.33665	237.57578	7.4308352	809.8	929.7	403999	35.617886	32.22009	63.357693	-162.72429	-36.155186	5.182835	7001.577499389648
102	213.66727	23.86039	253.81064	194.35556	225.49246	89.14788	260.7701	-41.613335	1000.0	926.6	407999	33.541973	31.305069	65.48611	-130.18742	-34.008247	4.961679	7082.774813175201
103	92.3917	153.23863	269.75406	-93.544624	196.36725	75.11527	238.18373	-27.40421	585.7143	936.6	411999	31.610653	30.600515	61.104843	-136.42769	-32.084236	5.2303796	7164.783846378326
104	81.87976	145.21062	270.81876	-112.40568	240.57397	85.41611	271.70404	-15.627287	598.1429	850.6	415999	30.359108	30.067705	58.664017	-138.84096	-30.839037	4.694343	7246.047157287598
105	92.822495	151.78993	279.60953	-86.90628	147.49554	140.79149	277.24817	-109.66418	497.375	616.8	419999	29.401083	30.07441	63.836384	-125.353035	-29.871107	4.5735235	7325.097342252731
106	91.625465	144.02097	278.5062	-90.31763	156.07236	163.3154	274.4858	-100.217224	659.6667	935.6	423999	28.946312	30.253315	59.773537	-140.84114	-29.474394	4.904331	7407.280504465103
107	19.951914	166.3852	279.48068	-108.57513	182.61497	130.92688	276.0962	-69.18258	600.1429	719.0	427999	29.702972	30.242298	61.5777	-139.93591	-30.245825	5.469675	7487.418264865875
108	119.59942	157.52382	278.6982	-40.20304	265.63763	5.014848	274.25235	256.8508	921.5	934.6	431999	29.521837	29.608706	59.16597	-134.17567	-29.985323	4.9722996	7569.2331030368805
109	103.70475	116.95886	278.52243	-35.948414	235.48811	107.292854	275.2132	-86.34465	613.7143	783.5	435999	28.64918	29.762617	60.958347	-144.93167	-29.132807	4.7599025	7649.446923732758
110	190.47717	123.99183	279.81543	-43.54412	253.93889	68.240425	278.24158	49.23457	710.0	784.7	439999	28.25617	29.36352	65.95257	-139.0832	-28.690195	4.5431294	7730.257995128632
111	32.87214	106.766136	281.22153	-81.35879	-68.2871	23.18734	-13.680104	-89.320015	483.42856	197.1	443999	27.572145	28.885658	58.89589	-141.5052	-28.036509	4.504036	7806.330976486206
112	-31.866955	55.67254	98.41367	-87.77745	-59.21746	18.11005	-40.41944	-102.827354	286.4375	182.6	447999	27.58505	29.71019	75.275406	-123.172005	-28.10308	4.470384	7881.724512577057
113	5.8382845	100.90401	270.97397	-105.54657	240.5922	97.88427	273.859	-53.053814	338.0909	801.5	451999	28.318094	30.603458	76.94389	-132.7369	-28.828373	4.772304	7962.211785554886
114	171.68443	116.10908	278.34946	-18.670341	127.9657	158.03839	279.6569	-96.30298	678.5	552.0	455999	29.455423	30.961784	69.28972	-137.96399	-30.026785	5.102472	8039.016187429428
115	-35.373055	56.451614	122.22013	-108.89174	155.14732	123.390915	276.8365	-20.601583	258.875	639.2	459999	31.29212	31.121176	71.08265	-139.09341	-31.8863	5.4569793	8116.039833068848
116	22.027882	105.45755	269.9131	-92.56786	200.92413	150.3623	277.1311	-104.94537	407.4	678.7	463999	32.43353	31.449312	69.37074	-138.92926	-32.983562	5.2730675	8193.446225643158
117	111.11668	104.81096	275.25067	-52.98532	197.10947	127.57979	277.1431	-88.33176	643.8	713.3	467999	32.605278	31.158674	69.82473	-125.238846	-33.133305	5.165728	8271.493824720383
118	36.806347	131.12354	268.52777	-85.36924	45.84129	108.67461	256.07648	-92.99896	459.6	559.9	471999	33.090744	30.648178	65.186844	-137.1986	-33.65935	5.3566103	8348.503736019135
119	-15.595484	108.81911	262.76245	-101.68852	7.229491	108.91949	266.4039	-85.79424	363.0	398.4	475999	33.8847	30.796402	68.506935	-133.31712	-34.474808	5.266362	8423.008271217346
120	38.08048	111.23849	262.7052	-55.061333	43.125896	147.27383	255.10884	-121.37321	608.6667	539.5	479999	34.21027	31.001326	69.17554	-130.69249	-34.758064	4.9274435	8498.894676446915
121	-56.71049	89.37773	232.13315	-117.35011	-99.45672	14.8165245	-57.719936	-116.831566	293.33334	143.1	483999	34.08876	30.778772	68.98287	-128.19208	-34.625416	4.9616356	8571.691499710083
122	-71.85027	67.34456	139.13217	-118.08902	-41.692482	50.430084	48.328262	-108.11648	258.26666	394.5	487999	34.326733	31.131271	73.625305	-130.0161	-34.93235	5.244199	8646.741131067276
123	-7.4325037	87.924484	174.24477	-110.61806	45.64886	94.93786	186.28746	-80.61567	535.875	710.7	491999	35.34204	30.88193	73.6023	-128.45923	-35.95321	5.478652	8724.857477426529
124	51.83483	73.44538	167.85475	-29.898636	81.91022	11.873274	101.06691	67.55644	770.8	1000.0	495999	35.46397	31.398876	82.094315	-148.29738	-36.021866	4.999242	8806.055237054825
125	-9.489515	86.15547	145.1059	-98.79853	15.041516	138.62096	277.3071	-92.698814	667.5	367.2	499999	34.764717	31.434355	82.34348	-143.93219	-35.268585	5.3893576	8880.322216033936
126	-66.801025	42.241657	32.68895	-104.481575	133.86351	153.71414	273.00845	-84.62064	228.3125	610.5	503999	33.604935	31.636581	79.93498	-128.24387	-34.11387	5.4894114	8957.053972482681
127	-8.166041	111.04739	273.7377	-114.550804	147.40926	121.53622	273.5407	-17.431437	363.83334	742.7	507999	33.54483	31.477833	77.34281	-126.507385	-34.111576	5.4359756	9035.538356304169
128	-101.77287	19.018038	-38.410484	-130.82446	-74.276924	58.01404	37.2815	-140.37927	162.4	585.1	511999	34.33467	32.151695	79.61223	-126.64324	-34.994667	6.1024456	9113.643148183823
129	-44.61939	103.26576	239.96677	-106.9848	-68.28414	20.941246	-11.677759	-89.5546	448.8889	218.5	515999	36.89203	33.298923	69.36836	-159.50992	-37.58993	6.359769	9189.31277179718
130	23.821802	127.55807	199.17818	-107.45683	91.06676	14.274954	109.635345	62.29132	654.0	1000.0	519999	38.49422	33.814735	66.0199	-130.63132	-39.129364	6.9618683	9272.765981674194
131	161.32965	112.64848	275.1503	-5.6311736	35.810295	91.85722	278.10162	-59.410168	759.0	427.8	523999	37.864246	33.59475	68.400734	-136.42928	-38.365852	6.3095164	9350.823024272919
132	146.07256	109.04063	273.85358	18.220781	248.50137	77.18358	275.9586	16.971449	703.6	785.7	527999	36.36552	32.711952	67.9646	-125.62407	-36.842274	5.6803064	9432.271781921387
133	149.54948	145.47475	276.92276	-81.41391	193.63635	116.665184	271.49792	-0.7803483	664.7143	765.0	531999	34.71774	32.100872	67.39547	-134.86789	-35.166164	5.513453	9514.114115953445
134	197.07437	151.78915	274.75702	-106.4936	212.52657	102.79668	260.94122	-94.210754	726.0	913.9	535999	33.046196	32.033096	66.90093	-147.16417	-33.48826	5.3619795	9597.24720621109
135	54.68064	155.20456	273.47754	-114.976715	153.16965	100.10093	239.74504	-104.06414	521.625	935.5	539999	31.715778	31.465921	63.284946	-143.58205	-32.15223	5.165772	9680.615056037903
136	69.51212	154.78519	275.32935	-111.33326	17.412092	77.76766	125.8066	-93.91786	618.8333	369.9	543999	30.90242	31.281437	62.16218	-150.15121	-31.351057	5.188549	9758.456684350967
137	66.85823	102.44268	282.37234	-64.898895	46.587376	155.25887	279.95523	-89.78802	533.125	406.0	547999	30.250702	30.887882	58.71529	-144.26686	-30.692236	5.2240105	9836.836515665054
138	8.574451	121.38953	279.44864	-112.11181	86.607666	158.98178	277.6099	-101.92505	443.44446	503.6	551999	29.343725	30.603405	62.446564	-125.95235	-29.784296	5.373573	9915.918978214264
139	-50.491848	99.185074	276.43613	-126.24163	211.99149	128.41888	276.73337	-109.86832	239.55556	748.1	555999	28.975216	30.771019	63.970943	-135.5038	-29.444855	5.125626	9997.383537054062
140	76.58439	152.03954	274.62012	-105.51188	25.5722	130.13121	263.62564	-110.84125	529.1429	440.4	559999	29.065752	30.954409	63.39096	-145.51581	-29.549387	5.132218	10075.910152435303
141	-17.88519	131.97641	281.71613	-119.63572	79.356186	152.6253	278.62646	-79.34923	277.33334	467.8	563999	29.336807	30.969141	58.51644	-156.66766	-29.82756	5.12124	10155.248745203018
142	174.3304	115.765976	282.137	-19.527285	40.834957	105.22817	280.05884	-72.03398	674.1667	425.8	567999	29.634333	31.006075	69.25359	-172.71094	-30.114527	5.4536104	10234.086114883423
143	77.46219	132.05862	281.4377	-76.75687	277.54773	0.9629894	279.5358	276.38095	503.875	814.9	571999	30.042564	30.723309	72.59266	-154.2685	-30.522394	5.0293527	10316.459968566895
144	40.546806	165.9821	269.51425	-99.347885	-103.43848	5.4664826	-95.21185	-108.2062	806.4	1000.0	575999	30.186275	31.31663	76.65783	-146.59004	-30.677242	5.451933	10400.667399644852
145	-77.160904	7.7629027	-66.407455	-88.106544	-75.209854	5.916817	-65.41562	-84.59744	1000.0	1000.0	579999	30.485552	31.241055	97.43139	-133.25743	-30.960213	5.3756685	10484.926629066467
146	-92.231285	3.0328526	-88.72897	-96.00774	-93.906395	3.747582	-85.24523	-98.05882	1000.0	1000.0	583999	30.36108	31.229364	82.91214	-128.71475	-30.8258	5.4984326	10568.661703109741
147	-71.27109	31.0263	-29.153244	-101.27578	-85.2658	10.757979	-71.34853	-100.44413	1000.0	1000.0	587999	30.324722	30.881727	93.01561	-132.74583	-30.787252	5.046111	10652.187397480011
148	-61.919968	36.394173	-5.213296	-100.83834	61.259552	151.30507	271.35648	-87.229	421.5	486.3	591999	29.688524	30.317902	84.60977	-143.86034	-30.109188	5.1293397	10731.083656311035
149	60.27692	137.27225	281.67355	-72.11595	176.66574	93.15529	267.8228	-26.485111	507.5	903.6	595999	28.804855	30.028395	83.99858	-133.94162	-29.221628	4.778624	10813.67897939682
150	37.892918	104.04821	259.18207	-68.916565	18.042377	94.40807	275.88583	-61.1828	504.77777	395.9	599999	28.259806	30.006998	78.16346	-140.12422	-28.694696	4.793596	10891.755289793015
151	-23.375116	63.80879	91.345955	-101.61139	-41.47255	31.893164	12.5312605	-101.29205	334.83334	266.7	603999	28.146118	30.25523	75.52455	-177.9551	-28.590168	5.173531	10968.106917381287
152	45.973015	68.329315	142.33565	-63.96908	82.453445	77.58076	154.83527	-32.46985	552.0	819.3	607999	28.52746	30.273922	80.72142	-172.40915	-29.012278	4.6578474	11049.001647472382
153	15.293736	113.94724	256.03427	-99.679306	245.33467	73.56157	275.16623	24.816832	458.33334	846.0	611999	29.155607	30.699673	92.61689	-156.90625	-29.601065	4.6029773	11130.536202669144
154	84.327995	153.13458	280.09982	-88.30797	-15.264681	38.426704	64.47643	-66.88118	498.0	285.4	615999	28.924948	30.587881	90.83581	-172.45422	-29.34259	4.643241	11207.308984518051
155	61.578655	147.94199	285.5929	-71.41327	234.19046	74.03854	282.88254	75.37636	402.5	753.7	619999	28.73176	30.471222	85.03061	-148.28842	-29.166656	5.0950274	11288.221997261047
156	14.422421	144.36403	285.57672	-111.22399	-1.7833706	100.89318	268.69244	-98.988106	400.8	328.9	623999	28.740362	30.623465	88.93682	-160.34744	-29.209496	5.0144825	11364.779693365097
157	10.045738	108.26042	283.78662	-99.592804	108.22734	149.41333	282.8041	-62.245052	336.18182	502.5	627999	29.449268	30.723265	100.3429	-163.43532	-29.914015	5.2880287	11443.223632574081
158	67.47566	168.27005	286.2359	-101.4929	51.905823	156.92363	284.4267	-99.636345	411.66666	377.8	631999	30.09631	30.937346	84.29997	-153.962	-30.609709	5.275313	11520.530353069305
159	102.17682	146.4946	280.7669	-73.14986	136.23476	123.781494	276.2235	-61.049923	524.5	636.9	635999	31.197386	31.338045	104.19084	-138.91527	-31.723162	5.349381	11599.62327671051
160	54.96352	158.92336	274.37268	-109.90379	-80.03434	6.8774657	-72.53458	-90.9681	736.3333	1000.0	639999	32.04528	31.77434	101.207634	-147.09662	-32.562603	5.322012	11682.234806060791
161	-45.40201	70.94241	77.095985	-93.02898	-70.69478	47.596386	68.3262	-107.633415	1000.0	1000.0	643999	32.595177	31.588022	88.0091	-147.00029	-33.097446	5.3635516	11765.807039737701
162	-50.36097	73.388626	71.861	-107.72019	-112.01886	0.43479815	-111.520454	-112.60121	1000.0	1000.0	647999	32.68178	31.47046	79.068115	-144.67862	-33.16313	5.4038215	11848.207866668701
163	-105.00581	4.324916	-97.53836	-108.03394	-106.12925	1.6211777	-102.796005	-108.0869	1000.0	1000.0	651999	31.947136	31.135658	80.0621	-151.30049	-32.35719	5.115157	11929.908257722855
164	-76.39401	11.9068165	-62.43423	-88.375565	-42.62821	35.339455	45.459366	-94.9468	1000.0	910.0	655999	30.786505	30.664944	70.31184	-154.33769	-31.195835	5.000192	12010.797403812408
165	52.157276	165.98859	286.6269	-114.39378	-97.83719	11.629616	-63.304058	-105.43972	665.1667	87.3	659999	30.249052	30.665	96.48013	-161.49855	-30.705137	5.0911674	12086.132487773895
166	28.324326	150.67334	286.09882	-105.36577	64.78627	173.6122	281.89447	-102.71065	436.55554	512.4	663999	30.795992	31.35152	103.33933	-140.4999	-31.25896	4.88816	12166.272278785706
167	-23.57233	135.8125	284.90076	-152.90494	284.03217	0.55372304	284.98053	283.13498	430.875	754.6	667999	30.664593	31.730534	112.45046	-148.84163	-31.065432	4.729209	12248.399959564209
168	11.523809	124.16835	285.8318	-114.76416	20.84099	98.29129	284.11697	-89.80678	466.6	340.1	671999	29.957157	31.272203	95.841644	-143.54303	-30.360434	4.8935137	12327.389145374298
169	-64.87895	43.54093	54.645477	-109.60885	76.18588	159.8227	285.79935	-105.396866	310.25	413.7	675999	29.544912	31.132305	87.04856	-131.88892	-29.965109	4.654693	12407.255934476852
170	84.582344	134.92493	285.8979	-50.069256	-105.16628	2.2225847	-102.4392	-108.86096	568.1429	73.9	679999	29.68914	31.369	80.8026	-140.4635	-30.128506	4.682402	12483.566280603409
171	24.330193	129.4705	284.7211	-109.41778	50.962967	93.25715	275.26425	-46.87773	350.83334	470.0	683999	30.0452	31.521229	87.31744	-150.66328	-30.479107	5.2869444	12563.544748306274
172	-11.7234955	144.88544	289.5662	-159.28215	-104.51811	1.0477248	-102.59677	-105.71869	314.15384	67.9	687999	30.36743	31.893219	81.681564	-147.95964	-30.832	5.1611543	12640.03885269165
173	-95.74071	27.09409	-12.984694	-120.31212	32.041035	106.470856	281.81754	-103.36854	191.19048	362.6	691999	30.644152	32.08521	81.256615	-132.67557	-31.073883	5.146704	12719.162050962448
174	-65.51675	118.01343	288.23224	-128.99666	-103.283104	1.6888301	-100.94729	-106.27182	201.05	64.8	695999	30.642454	31.844501	80.91322	-155.78056	-31.065657	5.3917527	12795.583482980728
175	-88.4894	66.1666	285.5014	-106.961754	-25.767258	39.031303	32.567253	-86.554535	92.447365	269.8	699999	30.255915	32.09113	78.8491	-161.99419	-30.682579	5.3727713	12873.403944253922
176	101.56417	113.44798	285.2836	-35.6139	154.4458	105.02537	278.74414	15.579821	511.75	633.8	703999	29.81342	31.9074	76.32012	-153.79366	-30.253944	5.518155	12954.091254711151
177	170.02881	138.93161	288.54282	-49.19318	103.94061	138.65013	286.93503	-86.24107	588.7143	482.2	707999	29.778275	31.760366	91.28686	-128.85938	-30.202324	5.501196	13032.928928613663
178	-19.823893	116.83054	288.22348	-108.41076	185.93039	137.13132	287.84714	-65.95726	316.30768	610.7	711999	30.00981	32.08944	93.17922	-135.46571	-30.473372	5.565542	13112.551792621613
179	15.413136	101.668594	288.36588	-108.32429	268.64047	48.27988	286.09576	123.87063	341.36365	753.7	715999	30.72618	32.54663	95.268906	-146.75299	-31.214796	5.785594	13194.267902135849
180	106.45056	154.79117	286.9848	-99.77887	280.58173	1.0219524	281.86182	278.9032	505.375	804.2	719999	31.543554	32.74249	91.66179	-133.10016	-32.020557	5.4489813	13277.065730333328
181	66.124954	169.14226	284.25403	-110.51363	-114.44037	4.5481586	-110.81123	-123.4893	432.5	78.3	723999	32.01389	32.639664	94.224266	-128.2837	-32.499798	5.5350266	13353.556308031082
182	-97.44566	52.813282	113.52656	-165.22316	55.594597	105.633896	267.78632	-45.584072	188.63158	552.7	727999	33.265366	33.39281	97.40034	-127.43993	-33.88129	5.887714	13434.5346763134
183	-75.13775	90.800995	266.06628	-151.84364	-147.54451	33.48904	-102.23241	-206.42165	249.52942	507.1	731999	35.12256	33.899788	91.73184	-138.4027	-35.732025	6.34129	13515.103257656097
184	-92.892624	60.845566	25.724667	-160.48909	-126.13757	44.938793	-33.24111	-190.14313	585.5714	583.4	735999	35.123806	33.386246	100.07318	-136.64694	-35.620945	6.8463182	13596.085825681686
185	-103.78595	44.177837	-34.689957	-181.9319	-110.17914	8.039714	-102.83909	-129.43205	512.5	191.1	739999	33.896664	32.92873	106.9506	-129.7653	-34.347946	6.59794	13674.112656831741
186	-99.27287	42.10362	152.68494	-109.89579	38.491592	106.1029	277.8792	-65.278725	107.86487	437.6	743999	33.445404	33.197914	111.71257	-123.33347	-34.01014	6.691252	13754.296047449112
187	-76.41455	72.84587	67.7	-179.0626	-84.7159	84.27575	109.9637	-133.07596	322.25	247.2	747999	33.648586	33.50269	92.38314	-117.94938	-34.23071	6.7547684	13832.386751413345
188	-77.20543	23.866413	-39.388393	-128.35619	-98.10587	9.030428	-86.93374	-105.62522	291.27274	1000.0	751999	33.792892	33.487823	108.87336	-126.49862	-34.301464	6.7394924	13917.472568750381
189	-107.83805	3.1484222	-104.13401	-113.378624	212.26006	64.73787	254.42032	45.584644	438.3	965.8	755999	33.860207	33.27829	89.35825	-148.75609	-34.434692	6.7278447	14002.33397769928
190	33.050858	158.97581	236.42181	-157.83664	25.698465	35.43939	51.69076	-75.6132	926.75	999.6	759999	34.43856	33.500603	83.047615	-152.51465	-34.998085	6.2280765	14086.852632761002
191	35.518303	143.21704	226.68608	-179.99095	-89.77107	35.122715	-21.498682	-133.48212	844.2	718.4	763999	34.04488	33.040524	100.20697	-136.44598	-34.492344	6.171788	14168.225131988525
192	20.154411	96.30424	117.980644	-80.496	-77.429436	12.678053	-67.31977	-113.83587	1000.0	910.2	767999	32.13162	32.750957	94.1877	-123.73694	-32.52482	5.961364	14250.922188520432
193	108.5071	123.508965	269.35452	-50.33104	61.75199	150.89969	283.3667	-108.66915	740.8	552.9	771999	30.77657	32.109516	97.539536	-135.6547	-31.185581	5.691846	14330.425315141678
194	9.417867	136.89137	284.73706	-111.35869	7.1596193	175.14282	275.8748	-118.36757	408.25	374.4	775999	31.241543	32.61607	155.3708	-120.939445	-31.890738	7.137386	14408.560562849045
195	-103.83386	137.44951	278.6715	-194.07657	-151.84787	3.826011	-146.87329	-157.78593	436.8889	237.5	779999	36.70138	36.67169	186.77994	-139.67493	-37.715443	11.331051	14486.11987066269
196	-154.90587	25.727877	-112.16585	-189.94083	-110.59538	1.4862314	-106.64476	-111.82025	473.2857	1000.0	783999	46.32344	41.733265	194.48122	-129.62169	-47.660385	13.777008	14571.390613079071
197	-135.78697	15.302154	-105.80853	-148.33403	-139.98282	17.190456	-100.46789	-161.08473	394.5	364.6	787999	61.540806	47.64247	185.56464	-132.895	-63.19403	17.12002	14650.92743229866
198	-145.20085	27.162172	-75.22564	-186.9113	-128.7847	11.615723	-116.94297	-151.1868	326.72726	93.9	791999	73.29337	50.13436	168.90182	-145.02745	-74.77077	16.878433	14727.732357740402
199	-150.55702	16.409792	-139.16248	-212.5167	-147.92862	1.8761472	-144.93901	-151.73062	239.05556	226.1	795999	78.18008	49.922905	146.40685	-133.22769	-79.36895	16.56	14806.00581240654
200	-146.41658	22.73846	-76.86464	-173.07175	-148.83734	4.3216434	-141.20187	-155.05882	338.66666	219.1	799999	77.30415	47.9412	139.9098	-179.57138	-78.18108	15.826379	14884.223770141602
201	-138.10579	21.871107	-108.055695	-164.56738	-114.794174	2.2045171	-109.76174	-116.51519	533.0	1000.0	803999	73.549194	46.095715	136.94063	-141.64172	-74.42198	14.2108135	14969.53067779541
202	-106.92061	2.7850113	-104.84672	-111.71347	-112.85307	0.45047727	-111.83911	-113.78955	1000.0	1000.0	807999	70.98	44.722626	134.79443	-156.22137	-71.85003	14.785296	15053.784960508347
203	-108.63674	1.1809126	-107.1373	-110.44696	-141.19456	28.345474	-112.80086	-192.1246	1000.0	786.4	811999	68.101425	43.21441	115.34715	-146.00757	-68.88911	13.448875	15136.517881631851
204	-99.30907	34.4462	-45.83403	-135.10397	-82.80023	45.876213	-42.54258	-186.1891	691.0	958.4	815999	64.66663	41.90526	100.63732	-138.6083	-65.41623	11.854967	15220.049931526184
205	-70.21598	38.959328	-9.958503	-121.09761	-73.409096	13.705398	-50.006886	-97.02933	579.1429	1000.0	819999	60.959965	40.01125	103.82631	-133.48337	-61.59543	11.822459	15304.587931156158
206	-35.597733	54.721004	13.732145	-127.34263	-100.50649	33.5675	-52.87438	-155.51997	860.25	860.4	823999	56.36476	38.489372	103.22348	-134.26744	-56.8647	9.616485	15388.272505998611
207	-66.918846	38.375668	-29.6517	-118.83692	-72.66156	56.609318	92.494415	-112.942924	981.75	441.0	827999	50.32318	37.34352	115.34871	-140.22081	-50.756584	10.127922	15467.860494613647
208	55.087097	83.44586	145.47362	-103.30623	234.06409	25.044905	264.47357	201.77707	816.8	990.6	831999	45.254196	35.81231	114.30999	-136.445	-45.64006	9.193282	15553.503186225891
209	88.052635	118.595695	236.35449	-92.39045	197.06358	135.61926	280.82867	-89.74196	658.0	712.3	835999	40.736767	34.5147	91.20044	-131.3033	-41.128204	8.430162	15636.526410579681
210	121.30451	127.63342	281.7459	-86.03831	240.96883	89.545876	283.8614	0.8123401	654.6667	710.8	839999	37.27777	33.2956	82.16617	-159.54059	-37.669697	7.316289	15720.38988995552
211	134.37445	151.99417	285.05472	-76.68325	28.837652	51.62078	169.25385	-25.929962	552.25	391.8	843999	35.17426	32.276566	79.478134	-132.93495	-35.595276	6.805366	15800.455356836319
212	158.28139	127.6707	283.4263	-4.6873465	109.88837	112.77279	280.66382	-99.24214	643.1667	566.3	847999	33.490776	32.436893	68.21953	-128.68079	-33.899094	6.6742663	15882.476598739624
213	141.8691	101.40721	285.8409	-20.322172	176.78091	159.32176	282.45703	-82.47546	613.8571	602.6	851999	32.230064	31.76097	75.073265	-122.8075	-32.652477	6.4769754	15964.850514650345
214	55.482784	159.902	283.64636	-93.11484	222.54935	124.280716	283.5764	-105.97482	406.77777	682.7	855999	31.152458	31.359777	62.283268	-125.81551	-31.559671	5.801468	16048.59015917778
215	191.70471	112.87134	284.637	-30.523834	117.60498	138.35802	282.7691	-45.023113	685.5	518.9	859999	30.388903	30.891687	70.75771	-133.35532	-30.796087	6.3249874	16130.664195299149
216	101.573654	116.77024	282.23343	-55.136536	252.40854	81.4668	280.77774	8.0219755	536.75	748.6	863999	29.656733	30.661499	62.36807	-134.61572	-30.063066	5.8129845	16214.84581375122
217	131.00804	146.47552	286.4466	-59.322334	-39.03645	25.36753	12.3877325	-63.0623	558.2857	241.9	867999	28.964933	30.761068	59.157738	-139.68925	-29.380995	6.30699	16292.951323509216
218	22.161858	103.44452	283.60953	-62.137665	-43.55019	50.27998	41.465195	-110.357216	366.63635	229.3	871999	28.63285	30.69765	65.48261	-130.87947	-29.04788	5.8087053	16372.665480136871
219	75.589035	109.04067	285.60764	-61.137596	196.03618	116.807495	285.82455	-13.994734	480.375	637.6	875999	28.925936	30.490908	59.930836	-143.54495	-29.356329	6.082217	16456.385716676712
220	170.69223	133.68826	286.85223	2.7093046	-72.460495	73.87705	148.54623	-102.662254	595.0	140.2	879999	29.080488	30.613916	66.23364	-160.31978	-29.524832	5.5620594	16534.955827474594
221	93.38721	110.94798	286.24316	-90.85575	137.16081	152.9991	284.34906	-83.9534	510.42856	526.4	883999	29.478373	30.686543	61.526417	-132.53474	-29.905249	5.729123	16616.906559705734
222	178.70915	130.15944	287.06097	-59.033882	138.90556	159.05133	284.23392	-98.931465	620.8571	524.5	887999	29.39019	30.861177	81.348915	-128.26396	-29.810602	5.9129715	16697.956645965576
223	154.09721	149.56998	284.57916	-51.340424	220.30115	100.95829	282.82568	-9.714646	579.7143	706.1	891999	29.266502	30.98592	71.5206	-137.08897	-29.684868	5.5771956	16781.515170812607
224	53.089203	131.58607	285.45123	-88.349144	130.28276	181.24026	279.47775	-97.88645	405.33334	537.5	895999	29.201082	30.90664	58.73376	-125.74387	-29.623014	5.687703	16863.228840351105
225	64.04786	129.61746	283.17142	-103.57081	46.45286	82.40019	278.98975	-26.984707	443.0	440.5	899999	29.445555	30.5723	64.75031	-124.09748	-29.90984	5.7540345	16944.71702027321
226	20.045223	151.75845	277.67706	-108.44821	133.23738	154.18503	276.25235	-83.89511	363.0	589.0	903999	30.13517	30.44472	71.69605	-126.40583	-30.58863	5.862464	17027.593584537506
227	50.64343	153.2157	280.52576	-106.81157	-8.407761	53.311203	114.25725	-81.22952	424.72726	384.0	907999	30.189478	30.128868	79.416176	-126.02251	-30.62279	6.1948986	17109.160188436508
228	-53.43444	89.103905	271.31152	-102.664795	3.0964172	102.36874	164.50835	-104.6731	236.75	503.6	911999	29.76457	30.244797	65.255035	-141.85802	-30.175323	5.698259	17191.589539289474
229	-0.6647499	64.59887	105.624084	-88.5468	32.330177	103.49552	234.56319	-106.81518	416.8	691.3	915999	29.405947	30.331154	64.28425	-128.14093	-29.810717	5.5476065	17275.884528636932
230	106.496376	163.34732	269.6638	-93.82765	224.18155	104.058914	279.07413	0.3382469	591.5	740.7	919999	29.298283	30.467108	61.386234	-132.38246	-29.742205	5.7009697	17360.71070241928
231	69.4236	122.79804	269.7163	-88.47419	225.03012	45.146282	248.215	90.59374	535.7143	981.5	923999	29.700802	30.469255	57.33613	-151.23914	-30.129827	6.0908494	17447.5248837471
232	137.75273	160.64604	270.0766	-90.662186	191.25174	90.65422	244.754	-47.068024	685.6667	925.2	927999	30.04795	30.531189	57.546986	-171.79239	-30.492882	5.477496	17533.34427857399
233	231.71284	10.124998	246.54292	218.38297	279.00137	1.2910037	281.0203	277.4539	1000.0	820.8	931999	29.694374	30.732626	56.508034	-188.19203	-30.076319	5.823127	17618.140254974365
234	156.91399	125.75548	281.7673	-89.19165	174.97128	131.24768	282.28482	-36.873604	647.4286	635.0	935999	28.99786	30.561872	56.28779	-140.48058	-29.364662	5.1826987	17701.38939023018
235	99.69599	147.89651	285.22818	-89.807396	180.2219	145.18982	280.77695	-56.43835	522.5714	695.4	939999	28.411633	30.10598	56.44689	-115.80036	-28.799059	5.9030128	17785.130465507507
236	226.73811	94.32821	287.31613	28.580975	19.749073	66.74149	166.91025	-100.39647	755.1667	378.2	943999	28.059877	29.983994	55.58872	-128.76007	-28.448002	5.5372305	17866.717730760574
237	80.7969	134.77556	285.3147	-90.41337	246.01875	87.231766	287.701	8.026256	486.75	699.1	947999	27.705376	30.20401	68.15229	-122.672905	-28.08266	5.3918657	17951.345214128494
238	284.859	2.0567033	287.52908	281.47437	216.41951	131.7196	282.50415	-87.56192	773.2	665.4	951999	27.375023	30.29838	70.78301	-136.75165	-27.746962	5.6176043	18035.47052669525
239	283.92914	1.769771	285.69577	280.77975	274.6185	1.366985	276.7358	272.92038	781.0	854.5	955999	27.139517	30.006248	65.03748	-142.09154	-27.496555	5.5968475	18120.881477594376
240	217.3189	143.20691	283.77316	-102.86537	249.45938	82.669556	278.142	1.4580759	677.8333	770.9	959999	26.58583	29.866507	58.031693	-145.06213	-26.937462	5.1881757	18205.252737760544
241	32.179943	142.92468	279.9235	-117.51992	-73.25627	111.79858	262.13943	-110.610306	394.8	128.4	963999	26.536865	29.417757	62.129047	-139.00943	-26.933775	5.264456	18284.42687368393
242	35.927696	105.27944	283.44836	-95.49604	132.14574	104.27414	282.55136	-19.719582	423.4	608.1	967999	26.947477	29.244318	57.454502	-139.09633	-27.322548	5.1818533	18367.481234788895
243	120.46075	159.83795	284.93973	-113.702286	-30.902561	29.928167	28.94325	-94.96454	530.5714	290.9	971999	26.64295	29.446684	52.897343	-144.85481	-26.992483	4.965671	18447.70523929596
244	90.877914	93.651276	282.40442	-17.677757	18.636307	49.29599	97.737595	-38.829304	525.125	378.7	975999	26.109095	29.588575	54.35422	-137.31633	-26.452198	4.983554	18528.479472875595
245	22.566126	91.532234	283.8039	-80.53433	-21.842102	40.553337	51.824577	-78.56781	362.36365	301.6	979999	26.20341	29.622158	51.44163	-144.45767	-26.599848	5.03066	18607.57705140114
246	-17.795586	68.6184	160.09982	-79.446175	169.73398	148.30475	284.3973	-97.406494	300.16666	583.6	983999	26.783735	29.94817	71.06282	-151.27888	-27.169813	4.9944367	18688.921822547913
247	195.41798	128.14165	287.18707	-16.759811	215.20772	132.54666	281.55374	-94.90986	638.0	675.7	987999	27.04646	30.32567	58.67679	-162.20236	-27.412687	5.059351	18771.08953499794
248	150.15881	149.62689	285.36697	-75.40328	213.19104	144.47902	286.64786	-80.05272	572.0	626.8	991999	27.294765	30.46179	52.823387	-172.11806	-27.67009	5.5858145	18852.843005895615
249	117.14373	108.513565	283.79755	-98.25349	254.34592	76.645035	282.14838	24.430487	586.5714	746.9	995999	27.180387	30.621195	54.59807	-151.98543	-27.541323	5.2654095	18935.330347537994
250	132.94804	123.38513	286.3476	-44.50604	-19.01622	116.617455	281.7757	-106.713776	575.6667	274.6	999999	27.472443	30.383364	52.652397	-131.17728	-27.863194	4.8958106	19014.02739572525
